dist                angle1              angle2              energy              
4.00000             30.00000            100.00000           -1590.32526437      
4.00000             40.00000            100.00000           -1590.58360259      
4.00000             50.00000            100.00000           -1590.67245032      
4.00000             50.00000            110.00000           -1590.69985577      
4.00000             60.00000            100.00000           -1590.73938398      
4.00000             60.00000            110.00000           -1590.76962180      
4.00000             60.00000            120.00000           -1590.76710430      
4.00000             70.00000            100.00000           -1590.81486648      
4.00000             70.00000            110.00000           -1590.81476596      
4.00000             80.00000            100.00000           -1590.85185783      
4.40000             30.00000            100.00000           -1590.62852949      
4.40000             40.00000            100.00000           -1590.73996467      
4.40000             50.00000            100.00000           -1590.77134918      
4.40000             50.00000            110.00000           -1590.77687859      
4.40000             60.00000            100.00000           -1590.80776843      
4.40000             60.00000            110.00000           -1590.79172334      
4.40000             60.00000            120.00000           -1590.79189932      
4.40000             70.00000            100.00000           -1590.86425276      
4.40000             70.00000            110.00000           -1590.82878279      
4.40000             80.00000            100.00000           -1590.89877651      
4.80000             30.00000            100.00000           -1590.77006697      
4.80000             40.00000            100.00000           -1590.80552849      
4.80000             50.00000            100.00000           -1590.81332745      
4.80000             50.00000            110.00000           -1590.81846475      
4.80000             60.00000            100.00000           -1590.84296711      
4.80000             60.00000            110.00000           -1590.80589336      
4.80000             60.00000            120.00000           -1590.80317358      
4.80000             70.00000            100.00000           -1590.88976634      
4.80000             70.00000            110.00000           -1590.86006049      
4.80000             80.00000            100.00000           -1590.91682669      
5.20000             30.00000            100.00000           -1590.83283318      
5.20000             40.00000            100.00000           -1590.84278433      
5.20000             50.00000            100.00000           -1590.83400776      
5.20000             50.00000            110.00000           -1590.84360064      
5.20000             60.00000            100.00000           -1590.86129834      
5.20000             60.00000            110.00000           -1590.83656601      
5.20000             60.00000            120.00000           -1590.83148215      
5.20000             70.00000            100.00000           -1590.89860260      
5.20000             70.00000            110.00000           -1590.87789116      
5.20000             80.00000            100.00000           -1590.91989513      